2 2 2 2 2 2 2 2 2 2 2 2 2 2 2 2 2 
2 0 0 0 0 0 0 0 0 0 0 0 0 0 0 0 2 
2 0 2 0 2 0 2 0 2 0 2 0 2 0 2 0 2 
2 0 0 0 0 0 0 0 0 0 0 0 0 0 0 0 2 
2 0 2 0 2 0 2 0 2 0 2 0 2 0 2 0 2 
2 0 0 0 0 0 0 0 0 0 0 0 0 0 0 0 2 
2 0 2 0 2 0 2 0 2 0 2 0 2 0 2 0 2 
2 0 0 0 0 0 0 0 0 0 0 0 0 0 0 0 2 
2 0 2 0 2 0 2 0 2 0 2 0 2 0 2 0 2 
2 0 0 0 0 0 0 0 0 0 0 0 0 0 0 0 2 
2 0 2 0 2 0 2 0 2 0 2 0 2 0 2 0 2 
2 0 0 0 0 0 0 0 0 0 0 0 0 0 0 0 2 
2 0 2 0 2 0 2 0 2 0 2 0 2 0 2 0 2 
2 0 0 0 0 0 0 0 0 0 0 0 0 0 0 0 2 
2 0 2 0 2 0 2 0 2 0 2 0 2 0 2 0 2 
2 0 0 0 0 0 0 0 0 0 0 0 0 0 0 0 2 
2 2 2 2 2 2 2 2 2 2 2 2 2 2 2 2 2 
0 500 355 0 266 720 0 744 726 