1 1 1 1 1 1 1 1 1 1 1 1 1 1 1 1 1 
1 1 0 0 0 0 0 0 0 0 0 0 0 0 0 1 1 
1 0 1 0 0 0 0 0 0 0 0 0 0 0 1 0 1 
1 0 0 1 0 0 0 0 0 0 0 0 0 1 0 0 1 
1 0 0 0 1 0 0 0 0 0 0 0 1 0 0 0 1 
1 0 0 0 0 1 0 0 0 0 0 1 0 0 0 0 1 
1 0 0 0 0 0 1 0 0 0 1 0 0 0 0 0 1 
1 0 0 0 0 0 0 1 0 1 0 0 0 0 0 0 1 
1 0 0 0 0 0 0 0 0 0 0 0 0 0 0 0 1 
1 0 0 0 0 0 0 1 0 1 0 0 0 0 0 0 1 
1 0 0 0 0 0 1 0 0 0 1 0 0 0 0 0 1 
1 0 0 0 0 1 0 0 0 0 0 1 0 0 0 0 1 
1 0 0 0 1 0 0 0 0 0 0 0 1 0 0 0 1 
1 0 0 1 0 0 0 0 0 0 0 0 0 1 0 0 1 
1 0 1 0 0 0 0 0 0 0 0 0 0 0 1 0 1 
1 1 0 0 0 0 0 0 0 0 0 0 0 0 0 1 1 
1 1 1 1 1 1 1 1 1 1 1 1 1 1 1 1 1 
0 510 349 0 205 773 0 804 773 