1 1 1 1 1 1 1 1 1 1 1 1 1 1 1 1 1 
1 0 0 0 0 0 0 0 0 0 0 0 0 0 0 0 1 
1 0 0 0 0 0 0 0 0 0 0 0 0 0 0 0 1 
1 0 0 0 0 0 0 0 0 0 0 0 0 0 0 0 1 
1 0 0 0 1 1 1 1 0 1 1 1 1 0 0 0 1 
1 0 0 0 1 0 0 0 0 0 0 0 1 0 0 0 1 
1 0 0 0 1 0 0 0 0 0 0 0 1 0 0 0 1 
1 0 0 0 1 0 0 0 0 0 0 0 1 0 0 0 1 
1 0 0 0 0 0 0 0 0 0 0 0 0 0 0 0 1 
1 0 0 0 1 0 0 0 0 0 0 0 1 0 0 0 1 
1 0 0 0 1 0 0 0 0 0 0 0 1 0 0 0 1 
1 0 0 0 1 0 0 0 0 0 0 0 1 0 0 0 1 
1 0 0 0 1 1 1 1 0 1 1 1 1 0 0 0 1 
1 0 0 0 0 0 0 0 0 0 0 0 0 0 0 0 1 
1 0 0 0 0 0 0 0 0 0 0 0 0 0 0 0 1 
1 0 0 0 0 0 0 0 0 0 0 0 0 0 0 0 1 
1 1 1 1 1 1 1 1 1 1 1 1 1 1 1 1 1 
0 337 375 0 686 716 