3 3 3 3 3 3 3 3 3 3 3 3 3 3 3 3 3 
3 0 0 0 0 0 0 0 0 0 0 0 0 0 0 0 3 
3 0 0 0 0 0 0 0 0 0 0 0 0 0 0 0 3 
3 0 0 0 0 0 0 0 0 0 0 0 0 0 0 0 3 
3 0 0 0 3 3 3 3 0 3 3 3 3 0 0 0 3 
3 0 0 0 3 0 0 0 0 0 0 0 3 0 0 0 3 
3 0 0 0 3 0 0 0 0 0 0 0 3 0 0 0 3 
3 0 0 0 3 0 0 0 0 0 0 0 3 0 0 0 3 
3 0 0 0 0 0 0 0 0 0 0 0 0 0 0 0 3 
3 0 0 0 3 0 0 0 0 0 0 0 3 0 0 0 3 
3 0 0 0 3 0 0 0 0 0 0 0 3 0 0 0 3 
3 0 0 0 3 0 0 0 0 0 0 0 3 0 0 0 3 
3 0 0 0 3 3 3 3 0 3 3 3 3 0 0 0 3 
3 0 0 0 0 0 0 0 0 0 0 0 0 0 0 0 3 
3 0 0 0 0 0 0 0 0 0 0 0 0 0 0 0 3 
3 0 0 0 0 0 0 0 0 0 0 0 0 0 0 0 3 
3 3 3 3 3 3 3 3 3 3 3 3 3 3 3 3 3 
0 348 383 0 684 383 0 678 705 0 338 715 0 508 537 