2 2 2 2 2 2 2 2 2 2 2 2 2 2 2 2 2 
2 0 0 0 0 0 0 0 0 0 0 0 0 0 0 0 2 
2 0 2 0 2 0 2 0 2 0 2 0 2 0 2 0 2 
2 0 0 0 0 0 0 0 0 0 0 0 0 0 0 0 2 
2 0 2 0 2 0 2 0 2 0 2 0 2 0 2 0 2 
2 0 0 0 0 0 0 0 0 0 0 0 0 0 0 0 2 
2 0 2 0 2 0 2 0 2 0 2 0 2 0 2 0 2 
2 0 0 0 0 0 0 0 0 0 0 0 0 0 0 0 2 
2 0 2 0 2 0 2 0 2 0 2 0 2 0 2 0 2 
2 0 0 0 0 0 0 0 0 0 0 0 0 0 0 0 2 
2 0 2 0 2 0 2 0 2 0 2 0 2 0 2 0 2 
2 0 0 0 0 0 0 0 0 0 0 0 0 0 0 0 2 
2 0 2 0 2 0 2 0 2 0 2 0 2 0 2 0 2 
2 0 0 0 0 0 0 0 0 0 0 0 0 0 0 0 2 
2 0 2 0 2 0 2 0 2 0 2 0 2 0 2 0 2 
2 0 0 0 0 0 0 0 0 0 0 0 0 0 0 0 2 
2 2 2 2 2 2 2 2 2 2 2 2 2 2 2 2 2 
0 206 237 0 812 238 0 212 837 0 812 845 