1 1 1 1 1 1 1 1 1 1 1 1 1 1 1 1 1 
1 1 0 0 0 0 0 0 0 0 0 0 0 0 0 1 1 
1 0 1 0 0 0 0 0 0 0 0 0 0 0 1 0 1 
1 0 0 1 0 0 0 0 0 0 0 0 0 1 0 0 1 
1 0 0 0 1 0 0 0 0 0 0 0 1 0 0 0 1 
1 0 0 0 0 1 0 0 0 0 0 1 0 0 0 0 1 
1 0 0 0 0 0 1 0 0 0 1 0 0 0 0 0 1 
1 0 0 0 0 0 0 1 0 1 0 0 0 0 0 0 1 
1 0 0 0 0 0 0 0 0 0 0 0 0 0 0 0 1 
1 0 0 0 0 0 0 1 0 1 0 0 0 0 0 0 1 
1 0 0 0 0 0 1 0 0 0 1 0 0 0 0 0 1 
1 0 0 0 0 1 0 0 0 0 0 1 0 0 0 0 1 
1 0 0 0 1 0 0 0 0 0 0 0 1 0 0 0 1 
1 0 0 1 0 0 0 0 0 0 0 0 0 1 0 0 1 
1 0 1 0 0 0 0 0 0 0 0 0 0 0 1 0 1 
1 1 0 0 0 0 0 0 0 0 0 0 0 0 0 1 1 
1 1 1 1 1 1 1 1 1 1 1 1 1 1 1 1 1 
0 169 518 0 794 535 