2 2 2 2 2 2 2 2 2 2 2 2 2 2 2 2 2 
2 0 0 0 0 0 0 0 0 0 0 0 0 0 0 0 2 
2 0 0 0 0 0 0 0 0 0 0 0 0 0 0 0 2 
2 0 0 0 0 0 0 0 0 0 0 0 0 0 0 0 2 
2 0 0 0 0 0 0 0 0 0 0 0 0 0 0 0 2 
2 0 0 0 0 0 0 0 0 0 0 0 0 0 0 0 2 
2 0 0 0 0 0 0 0 0 0 0 0 0 0 0 0 2 
2 0 0 0 0 0 0 0 0 0 0 0 0 0 0 0 2 
2 0 0 0 0 0 0 0 0 0 0 0 0 0 0 0 2 
2 0 0 0 0 0 0 0 0 0 0 0 0 0 0 0 2 
2 0 0 0 0 0 0 0 0 0 0 0 0 0 0 0 2 
2 0 0 0 0 0 0 0 0 0 0 0 0 0 0 0 2 
2 0 0 0 0 0 0 0 0 0 0 0 0 0 0 0 2 
2 0 0 0 0 0 0 0 0 0 0 0 0 0 0 0 2 
2 0 0 0 0 0 0 0 0 0 0 0 0 0 0 0 2 
2 0 0 0 0 0 0 0 0 0 0 0 0 0 0 0 2 
2 2 2 2 2 2 2 2 2 2 2 2 2 2 2 2 2 
0 502 341 0 326 493 0 682 519 0 597 740 0 404 729 